589.0 2
1178.0 2
1285.0 1
1767.0 2
1874.0 2
2224.0 1
2356.0 2
2463.0 2
2570.0 1
2813.0 2
2945.0 2
3052.0 2
3159.0 2
3402.0 2
3509.0 1
3534.0 2
3641.0 2
3748.0 2
3855.0 1
3991.0 2
4098.0 2
4123.0 2
4230.0 2
4337.0 2
4444.0 2
4448.0 1
4580.0 2
4687.0 2
4712.0 2
4794.0 1
4819.0 2
4926.0 2
5033.0 2
5037.0 2
5140.0 1
5169.0 2
5276.0 2
5301.0 2
5383.0 2
5408.0 2
5515.0 2
5622.0 2
5626.0 2
5729.0 2
5733.0 1
5758.0 2
5865.0 2
5890.0 2
5972.0 2
5997.0 2
6079.0 1
6104.0 2
6211.0 2
6215.0 2
6318.0 2
6322.0 2
6347.0 2
6425.0 1
6454.0 2
6479.0 2
6561.0 2
6586.0 2
6668.0 2
6672.0 1
6693.0 2
6800.0 2
6804.0 2
6907.0 2
6911.0 2
6936.0 2
7014.0 2
7018.0 1
7043.0 2
7068.0 2
7150.0 2
7175.0 2
7257.0 2
7261.0 2
7282.0 2
7364.0 1
7389.0 2
7393.0 2
7496.0 2
7500.0 2
7525.0 2
7603.0 2
7607.0 2
7632.0 2
7657.0 2
7710.0 1
7739.0 2
7764.0 2
7846.0 2
7850.0 2
7871.0 2
7953.0 2
7957.0 1
7978.0 2
7982.0 2
8085.0 2
8089.0 2
8114.0 2
8192.0 2
8196.0 2
8221.0 2
8246.0 2
8299.0 2
8303.0 1
8328.0 2
8353.0 2
8435.0 2
8439.0 2
8460.0 2
8542.0 2
8546.0 2
8567.0 2
8571.0 2
8649.0 1
8674.0 2
8678.0 2
8703.0 2
8781.0 2
8785.0 2
8810.0 2
8835.0 2
8888.0 2
8892.0 2
8896.0 1
8917.0 2
8942.0 2
8995.0 1
9024.0 2
9028.0 2
9049.0 2
9131.0 2
9135.0 2
9156.0 2
9160.0 2
9238.0 2
9242.0 1
9263.0 2
9267.0 2
9292.0 2
9370.0 2
9374.0 2
9399.0 2
9424.0 2
9477.0 2
9481.0 2
9485.0 2
9506.0 2
9531.0 2
9584.0 2
9588.0 1
9613.0 2
9617.0 2
9638.0 2
9720.0 2
9724.0 2
9745.0 2
9749.0 2
9827.0 2
9831.0 2
9852.0 2
9856.0 2
9881.0 2
9934.0 1
9959.0 2
9963.0 2
9988.0 2
10013.0 2
10066.0 2
10070.0 2
10074.0 2
10095.0 2
10120.0 2
10173.0 2
10177.0 2
10181.0 1
10202.0 2
10206.0 2
10227.0 2
10280.0 1
10309.0 2
10313.0 2
10334.0 2
10338.0 2
10416.0 2
10420.0 2
10441.0 2
10445.0 2
10470.0 2
10523.0 2
10527.0 1
10548.0 2
10552.0 2
10577.0 2
10602.0 2
10655.0 2
10659.0 2
10663.0 2
10684.0 2
10709.0 2
10762.0 2
10766.0 2
10770.0 2
10791.0 2
10795.0 2
10816.0 2
10869.0 2
10873.0 1
10898.0 2
10902.0 2
10923.0 2
10927.0 2
11005.0 2
11009.0 2
11030.0 2
11034.0 2
11059.0 2
11112.0 2
11116.0 2
11120.0 1
11137.0 2
11141.0 2
11166.0 2
11191.0 2
11219.0 1
11244.0 2
11248.0 2
11252.0 2
11273.0 2
11298.0 2
11351.0 2
11355.0 2
11359.0 2
11380.0 2
11384.0 2
11405.0 2
11458.0 2
11462.0 2
11466.0 1
11487.0 2
11491.0 2
11512.0 2
11516.0 2
11565.0 1
11594.0 2
11598.0 2
11619.0 2
11623.0 2
11648.0 2
11701.0 2
11705.0 2
11709.0 2
11726.0 2
11730.0 2
11755.0 2
11780.0 2
11808.0 2
11812.0 1
11833.0 2
11837.0 2
11841.0 2
11862.0 2
11887.0 2
11940.0 2
11944.0 2
11948.0 2
11969.0 2
11973.0 2
11994.0 2
12047.0 2
12051.0 2
12055.0 2
12076.0 2
12080.0 2
12101.0 2
12105.0 2
12154.0 2
12158.0 1
12183.0 2
12187.0 2
12208.0 2
12212.0 2
12237.0 2
12290.0 2
12294.0 2
12298.0 2
12315.0 2
12319.0 2
12344.0 2
12369.0 2
12397.0 2
12401.0 2
12405.0 1
12422.0 2
12426.0 2
12430.0 2
12451.0 2
12476.0 2
12504.0 1
12529.0 2
12533.0 2
12537.0 2
12558.0 2
12562.0 2
12583.0 2
12636.0 2
12640.0 2
12644.0 2
12665.0 2
12669.0 2
12690.0 2
12694.0 2
12743.0 2
12747.0 2
12751.0 1
12772.0 2
12776.0 2
12797.0 2
12801.0 2
12826.0 2
12850.0 1
12879.0 2
12883.0 2
12887.0 2
12904.0 2
12908.0 2
12933.0 2
12958.0 2
12986.0 2
12990.0 2
12994.0 2
13011.0 2
13015.0 2
13019.0 2
13040.0 2
13065.0 2
13093.0 2
13097.0 1
13118.0 2
13122.0 2
13126.0 2
13147.0 2
13151.0 2
13172.0 2
13225.0 2
13229.0 2
13233.0 2
13254.0 2
13258.0 2
13279.0 2
13283.0 2
13332.0 2
13336.0 2
13340.0 2
13344.0 1
13361.0 2
13365.0 2
13386.0 2
13390.0 2
13415.0 2
13439.0 2
13443.0 1
13468.0 2
13472.0 2
13476.0 2
13493.0 2
13497.0 2
13522.0 2
13547.0 2
13575.0 2
13579.0 2
13583.0 2
13600.0 2
13604.0 2
13608.0 2
13629.0 2
13654.0 2
13682.0 2
13686.0 2
13690.0 1
13707.0 2
13711.0 2
13715.0 2
13736.0 2
13740.0 2
13761.0 2
13789.0 1
13814.0 2
13818.0 2
13822.0 2
13843.0 2
13847.0 2
13868.0 2
13872.0 2
13921.0 2
13925.0 2
13929.0 2
13933.0 2
13950.0 2
13954.0 2
13975.0 2
13979.0 2
14004.0 2
14028.0 2
14032.0 2
14036.0 1
14057.0 2
14061.0 2
14065.0 2
14082.0 2
14086.0 2
14111.0 2
14135.0 1
14136.0 2
14164.0 2
14168.0 2
14172.0 2
14189.0 2
14193.0 2
14197.0 2
14218.0 2
14243.0 2
14271.0 2
14275.0 2
14279.0 2
14296.0 2
14300.0 2
14304.0 2
14325.0 2
14329.0 2
14350.0 2
14378.0 2
14382.0 1
14403.0 2
14407.0 2
14411.0 2
14432.0 2
14436.0 2
14457.0 2
14461.0 2
14510.0 2
14514.0 2
14518.0 2
14522.0 2
14539.0 2
14543.0 2
14564.0 2
14568.0 2
14593.0 2
14617.0 2
14621.0 2
14625.0 2
14629.0 1
14646.0 2
14650.0 2
14654.0 2
14671.0 2
14675.0 2
14700.0 2
14724.0 2
14725.0 2
14728.0 1
14753.0 2
14757.0 2
14761.0 2
14778.0 2
14782.0 2
14786.0 2
14807.0 2
14832.0 2
14860.0 2
14864.0 2
14868.0 2
14885.0 2
14889.0 2
14893.0 2
14914.0 2
14918.0 2
14939.0 2
14967.0 2
14971.0 2
14975.0 1
14992.0 2
14996.0 2
15000.0 2
15021.0 2
15025.0 2
15046.0 2
15050.0 2
15074.0 1
15099.0 2
15103.0 2
15107.0 2
15111.0 2
15128.0 2
15132.0 2
15153.0 2
15157.0 2
15182.0 2
15206.0 2
15210.0 2
15214.0 2
15218.0 2
15235.0 2
15239.0 2
15243.0 2
15260.0 2
15264.0 2
15289.0 2
15313.0 2
15314.0 2
15317.0 2
15321.0 1
15342.0 2
15346.0 2
15350.0 2
15367.0 2
15371.0 2
15375.0 2
15396.0 2
15420.0 1
15421.0 2
15449.0 2
15453.0 2
15457.0 2
15474.0 2
15478.0 2
15482.0 2
15503.0 2
15507.0 2
15528.0 2
15556.0 2
15560.0 2
15564.0 2
15568.0 1
15581.0 2
15585.0 2
15589.0 2
15610.0 2
15614.0 2
15635.0 2
15639.0 2
15663.0 2
15667.0 1
15688.0 2
15692.0 2
15696.0 2
15700.0 2
15717.0 2
15721.0 2
15742.0 2
15746.0 2
15771.0 2
15795.0 2
15799.0 2
15803.0 2
15807.0 2
15824.0 2
15828.0 2
15832.0 2
15849.0 2
15853.0 2
15878.0 2
15902.0 2
15903.0 2
15906.0 2
15910.0 2
15914.0 1
15931.0 2
15935.0 2
15939.0 2
15956.0 2
15960.0 2
15964.0 2
15985.0 2
16009.0 2
16010.0 2
16013.0 1
16038.0 2
16042.0 2
16046.0 2
16063.0 2
16067.0 2
16071.0 2
16092.0 2
16096.0 2
16117.0 2
16145.0 2
16149.0 2
16153.0 2
16157.0 2
16170.0 2
16174.0 2
16178.0 2
16199.0 2
16203.0 2
16224.0 2
16228.0 2
16252.0 2
16256.0 2
16260.0 1
16277.0 2
16281.0 2
16285.0 2
16289.0 2
16306.0 2
16310.0 2
16331.0 2
16335.0 2
16359.0 1
16360.0 2
16384.0 2
16388.0 2
16392.0 2
16396.0 2
16413.0 2
16417.0 2
16421.0 2
16438.0 2
16442.0 2
16467.0 2
16491.0 2
16492.0 2
16495.0 2
16499.0 2
16503.0 2
16520.0 2
16524.0 2
16528.0 2
16545.0 2
16549.0 2
16553.0 2
16574.0 2
16598.0 2
16599.0 2
16602.0 2
16606.0 1
16627.0 2
16631.0 2
16635.0 2
16652.0 2
16656.0 2
16660.0 2
16681.0 2
16685.0 2
16705.0 1
16706.0 2
16734.0 2
16738.0 2
16742.0 2
16746.0 2
16759.0 2
16763.0 2
16767.0 2
16788.0 2
16792.0 2
16813.0 2
16817.0 2
16841.0 2
16845.0 2
16849.0 2
16853.0 1
16866.0 2
16870.0 2
16874.0 2
16878.0 2
16895.0 2
16899.0 2
16920.0 2
16924.0 2
16948.0 2
16949.0 2
16952.0 1
16973.0 2
16977.0 2
16981.0 2
16985.0 2
17002.0 2
17006.0 2
17010.0 2
17027.0 2
17031.0 2
17056.0 2
17080.0 2
17081.0 2
17084.0 2
17088.0 2
17092.0 2
17109.0 2
17113.0 2
17117.0 2
17134.0 2
17138.0 2
17142.0 2
17163.0 2
17187.0 2
17188.0 2
17191.0 2
17195.0 2
17199.0 1
17216.0 2
17220.0 2
17224.0 2
17241.0 2
17245.0 2
17249.0 2
17270.0 2
17274.0 2
17294.0 2
17295.0 2
17298.0 1
17323.0 2
17327.0 2
17331.0 2
17335.0 2
17348.0 2
17352.0 2
17356.0 2
17377.0 2
17381.0 2
17402.0 2
17406.0 2
17430.0 2
17434.0 2
17438.0 2
17442.0 2
17455.0 2
17459.0 2
17463.0 2
17467.0 2
17484.0 2
17488.0 2
17509.0 2
17513.0 2
17537.0 2
17538.0 2
17541.0 2
17545.0 1
17562.0 2
17566.0 2
17570.0 2
17574.0 2
17591.0 2
17595.0 2
17599.0 2
17616.0 2
17620.0 2
17644.0 1
17645.0 2
17669.0 2
17670.0 2
17673.0 2
17677.0 2
17681.0 2
17698.0 2
17702.0 2
17706.0 2
17723.0 2
17727.0 2
17731.0 2
17752.0 2
17776.0 2
17777.0 2
17780.0 2
17784.0 2
17788.0 2
17792.0 1
17805.0 2
17809.0 2
17813.0 2
17830.0 2
17834.0 2
17838.0 2
17859.0 2
17863.0 2
17883.0 2
17884.0 2
17887.0 2
17891.0 1
17912.0 2
17916.0 2
17920.0 2
17924.0 2
17937.0 2
17941.0 2
17945.0 2
17966.0 2
17970.0 2
17990.0 1
17991.0 2
17995.0 2
18019.0 2
18023.0 2
18027.0 2
18031.0 2
18044.0 2
18048.0 2
18052.0 2
18056.0 2
18073.0 2
18077.0 2
18098.0 2
18102.0 2
18126.0 2
18127.0 2
18130.0 2
18134.0 2
18138.0 1
18151.0 2
18155.0 2
18159.0 2
18163.0 2
18180.0 2
18184.0 2
18188.0 2
18205.0 2
18209.0 2
18233.0 2
18234.0 2
18237.0 1
18258.0 2
18259.0 2
18262.0 2
18266.0 2
18270.0 2
18287.0 2
18291.0 2
18295.0 2
18312.0 2
18316.0 2
18320.0 2
18341.0 2
18365.0 2
18366.0 2
18369.0 2
18373.0 2
18377.0 2
18381.0 2
18394.0 2
18398.0 2
18402.0 2
18419.0 2
18423.0 2
18427.0 2
18448.0 2
18452.0 2
18472.0 2
18473.0 2
18476.0 2
18480.0 2
18484.0 1
18501.0 2
18505.0 2
18509.0 2
18513.0 2
18526.0 2
18530.0 2
18534.0 2
18555.0 2
18559.0 2
18579.0 2
18580.0 2
18583.0 1
18584.0 2
18608.0 2
18612.0 2
18616.0 2
18620.0 2
18633.0 2
18637.0 2
18641.0 2
18645.0 2
18662.0 2
18666.0 2
18687.0 2
18691.0 2
18715.0 2
18716.0 2
18719.0 2
18723.0 2
18727.0 2
18740.0 2
18744.0 2
18748.0 2
18752.0 2
18769.0 2
18773.0 2
18777.0 2
18794.0 2
18798.0 2
18822.0 2
18823.0 2
18826.0 2
18830.0 1
18847.0 2
18848.0 2
18851.0 2
18855.0 2
18859.0 2
18876.0 2
18880.0 2
18884.0 2
18901.0 2
18905.0 2
18909.0 2
18929.0 1
18930.0 2
18954.0 2
18955.0 2
18958.0 2
18962.0 2
18966.0 2
18970.0 2
18983.0 2
18987.0 2
18991.0 2
19008.0 2
19012.0 2
19016.0 2
19037.0 2
19041.0 2
19061.0 2
19062.0 2
19065.0 2
19069.0 2
19073.0 2
19077.0 1
19090.0 2
19094.0 2
19098.0 2
19102.0 2
19115.0 2
19119.0 2
19123.0 2
19144.0 2
19148.0 2
19168.0 2
19169.0 2
19172.0 2
19173.0 2
19176.0 1
19197.0 2
19201.0 2
19205.0 2
19209.0 2
19222.0 2
19226.0 2
19230.0 2
19234.0 2
19251.0 2
19255.0 2
19275.0 1
19276.0 2
19280.0 2
19304.0 2
19305.0 2
19308.0 2
19312.0 2
19316.0 2
19329.0 2
19333.0 2
19337.0 2
19341.0 2
19358.0 2
19362.0 2
19366.0 2
19383.0 2
19387.0 2
19411.0 2
19412.0 2
19415.0 2
19419.0 2
19423.0 1
19436.0 2
19437.0 2
19440.0 2
19444.0 2
19448.0 2
19465.0 2
19469.0 2
19473.0 2
19490.0 2
19494.0 2
19498.0 2
19518.0 2
19519.0 2
19522.0 1
19543.0 2
19544.0 2
19547.0 2
19551.0 2
19555.0 2
19559.0 2
19572.0 2
19576.0 2
19580.0 2
